--USING OPENBLAS--
p required 0.0005002021789550781
np required 0.0
[ [ 4.16	1.382	4.412000000000001	1.634	4.484 ]
  [ 2.96	4.535	3.305	4.879999999999999	2.39 ]
  [ 6.51	3.337	6.967000000000001	3.794	6.794 ]
  [ 4.32	6.391	4.861	6.931999999999999	3.692 ]
  [ 4.126	1.2582	4.381200000000001	1.5134	4.5284 ] ]
separation
[4.16, 1.382, 4.412000000000001, 1.634, 4.484, 2.96, 4.535, 3.305, 4.879999999999999, 2.39, 6.51, 3.337, 6.967000000000001, 3.794, 6.794000000000001, 4.320000000000001, 6.391000000000001, 4.861, 6.932, 3.692, 4.126, 1.2582, 4.381200000000001, 1.5134, 4.5284]

